0.247528-0.0350697j, 0.247528-0.0350697j, 0.247528-0.0350697j, 0.247528-0.0350697j, 0.247528-0.0350697j, 0.247528-0.0350697j, 0.247528-0.0350697j, 0.247528-0.0350697j, 0.247528-0.0350697j, 0.247528-0.0350697j, 0.247528-0.0350697j, 0.247528-0.0350697j, 0.247528-0.0350697j, 0.247528-0.0350697j, 0.247528-0.0350697j, 0.247528-0.0350697j
0.24016-0.0694459j, 0.24016-0.0694459j, 0.24016-0.0694459j, 0.24016-0.0694459j, 0.24016-0.0694459j, 0.24016-0.0694459j, 0.24016-0.0694459j, 0.24016-0.0694459j, 0.24016-0.0694459j, 0.24016-0.0694459j, 0.24016-0.0694459j, 0.24016-0.0694459j, 0.24016-0.0694459j, 0.24016-0.0694459j, 0.24016-0.0694459j, 0.24016-0.0694459j
0.228044-0.102449j, 0.228044-0.102449j, 0.228044-0.102449j, 0.228044-0.102449j, 0.228044-0.102449j, 0.228044-0.102449j, 0.228044-0.102449j, 0.228044-0.102449j, 0.228044-0.102449j, 0.228044-0.102449j, 0.228044-0.102449j, 0.228044-0.102449j, 0.228044-0.102449j, 0.228044-0.102449j, 0.228044-0.102449j, 0.228044-0.102449j
0.211417-0.133422j, 0.211417-0.133421j, 0.211417-0.133421j, 0.211417-0.133422j, 0.211417-0.133421j, 0.211417-0.13342j, 0.211417-0.13342j, 0.211417-0.133421j, 0.211417-0.133421j, 0.211417-0.13342j, 0.211417-0.13342j, 0.211417-0.133421j, 0.211417-0.133422j, 0.211417-0.133421j, 0.211417-0.133421j, 0.211417-0.133422j
0.19061-0.161755j, 0.190611-0.161751j, 0.190611-0.161751j, 0.19061-0.161755j, 0.190611-0.161751j, 0.190611-0.161747j, 0.190611-0.161747j, 0.190611-0.161751j, 0.190611-0.161751j, 0.190611-0.161747j, 0.190611-0.161747j, 0.190611-0.161751j, 0.19061-0.161755j, 0.190611-0.161751j, 0.190611-0.161751j, 0.19061-0.161755j
0.166035-0.186886j, 0.166037-0.186878j, 0.166037-0.186878j, 0.166035-0.186886j, 0.166037-0.186878j, 0.166038-0.186869j, 0.166038-0.186869j, 0.166037-0.186878j, 0.166037-0.186878j, 0.166038-0.186869j, 0.166038-0.186869j, 0.166037-0.186878j, 0.166035-0.186886j, 0.166037-0.186878j, 0.166037-0.186878j, 0.166035-0.186886j
0.138178-0.208317j, 0.138181-0.208303j, 0.138181-0.208303j, 0.138178-0.208317j, 0.138181-0.208303j, 0.138184-0.208286j, 0.138184-0.208286j, 0.138181-0.208303j, 0.138181-0.208303j, 0.138184-0.208286j, 0.138184-0.208286j, 0.138181-0.208303j, 0.138178-0.208317j, 0.138181-0.208303j, 0.138181-0.208303j, 0.138178-0.208317j
0.10759-0.225625j, 0.107596-0.225602j, 0.107596-0.225602j, 0.10759-0.225625j, 0.107596-0.225602j, 0.107602-0.225575j, 0.107602-0.225575j, 0.107596-0.225602j, 0.107596-0.225602j, 0.107602-0.225575j, 0.107602-0.225575j, 0.107596-0.225602j, 0.10759-0.225625j, 0.107596-0.225602j, 0.107596-0.225602j, 0.10759-0.225625j
0.0748771-0.238466j, 0.0748865-0.238434j, 0.0748865-0.238434j, 0.0748771-0.238466j, 0.0748865-0.238434j, 0.0748974-0.238395j, 0.0748974-0.238395j, 0.0748865-0.238434j, 0.0748865-0.238434j, 0.0748974-0.238395j, 0.0748974-0.238395j, 0.0748865-0.238434j, 0.0748771-0.238466j, 0.0748865-0.238434j, 0.0748865-0.238434j, 0.0748771-0.238466j
0.0406865-0.246588j, 0.040701-0.246547j, 0.040701-0.246547j, 0.0406865-0.246588j, 0.040701-0.246547j, 0.0407183-0.246496j, 0.0407183-0.246496j, 0.040701-0.246547j, 0.040701-0.246547j, 0.0407183-0.246496j, 0.0407183-0.246496j, 0.040701-0.246547j, 0.0406865-0.246588j, 0.040701-0.246547j, 0.040701-0.246547j, 0.0406865-0.246588j
0.00569492-0.249829j, 0.00571599-0.249778j, 0.00571599-0.249778j, 0.00569492-0.249829j, 0.00571599-0.249778j, 0.00574127-0.249715j, 0.00574127-0.249715j, 0.00571599-0.249778j, 0.00571599-0.249778j, 0.00574127-0.249715j, 0.00574127-0.249715j, 0.00571599-0.249778j, 0.00569492-0.249829j, 0.00571599-0.249778j, 0.00571599-0.249778j, 0.00569492-0.249829j
-0.0294049-0.248125j, -0.0293758-0.248062j, -0.0293758-0.248062j, -0.0294049-0.248125j, -0.0293758-0.248062j, -0.0293407-0.247986j, -0.0293407-0.247986j, -0.0293758-0.248062j, -0.0293758-0.248062j, -0.0293407-0.247986j, -0.0293407-0.247986j, -0.0293758-0.248062j, -0.0294049-0.248125j, -0.0293758-0.248062j, -0.0293758-0.248062j, -0.0294049-0.248125j
-0.0639182-0.241509j, -0.0638794-0.241434j, -0.0638794-0.241434j, -0.0639182-0.241509j, -0.0638794-0.241434j, -0.0638326-0.241344j, -0.0638326-0.241344j, -0.0638794-0.241434j, -0.0638794-0.241434j, -0.0638326-0.241344j, -0.0638326-0.241344j, -0.0638794-0.241434j, -0.0639182-0.241509j, -0.0638794-0.241434j, -0.0638794-0.241434j, -0.0639182-0.241509j
-0.0971619-0.230114j, -0.0971117-0.230028j, -0.0971117-0.230028j, -0.0971619-0.230114j, -0.0971117-0.230028j, -0.0970514-0.229925j, -0.0970514-0.229925j, -0.0971117-0.230028j, -0.0971117-0.230028j, -0.0970514-0.229925j, -0.0970514-0.229925j, -0.0971117-0.230028j, -0.0971619-0.230114j, -0.0971117-0.230028j, -0.0971117-0.230028j, -0.0971619-0.230114j
-0.128478-0.214164j, -0.128415-0.214068j, -0.128415-0.214068j, -0.128478-0.214164j, -0.128415-0.214068j, -0.128339-0.213955j, -0.128339-0.213955j, -0.128415-0.214068j, -0.128415-0.214068j, -0.128339-0.213955j, -0.128339-0.213955j, -0.128415-0.214068j, -0.128478-0.214164j, -0.128415-0.214068j, -0.128415-0.214068j, -0.128478-0.214164j
-0.157247-0.193976j, -0.15717-0.193871j, -0.15717-0.193871j, -0.157247-0.193976j, -0.15717-0.193871j, -0.157077-0.193747j, -0.157077-0.193747j, -0.15717-0.193871j, -0.15717-0.193871j, -0.157077-0.193747j, -0.157077-0.193747j, -0.15717-0.193871j, -0.157247-0.193976j, -0.15717-0.193871j, -0.15717-0.193871j, -0.157247-0.193976j
-0.182899-0.16995j, -0.182807-0.169836j, -0.182807-0.169836j, -0.182899-0.16995j, -0.182807-0.169836j, -0.182696-0.169703j, -0.182696-0.169703j, -0.182807-0.169836j, -0.182807-0.169836j, -0.182696-0.169703j, -0.182696-0.169703j, -0.182807-0.169836j, -0.182899-0.16995j, -0.182807-0.169836j, -0.182807-0.169836j, -0.182899-0.16995j
-0.204927-0.142561j, -0.204818-0.14244j, -0.204818-0.14244j, -0.204927-0.142561j, -0.204818-0.14244j, -0.204688-0.142299j, -0.204688-0.142299j, -0.204818-0.14244j, -0.204818-0.14244j, -0.204688-0.142299j, -0.204688-0.142299j, -0.204818-0.14244j, -0.204927-0.142561j, -0.204818-0.14244j, -0.204818-0.14244j, -0.204927-0.142561j
-0.222895-0.112351j, -0.222769-0.112224j, -0.222769-0.112224j, -0.222895-0.112351j, -0.222769-0.112224j, -0.222618-0.112075j, -0.222618-0.112075j, -0.222769-0.112224j, -0.222769-0.112224j, -0.222618-0.112075j, -0.222618-0.112075j, -0.222769-0.112224j, -0.222895-0.112351j, -0.222769-0.112224j, -0.222769-0.112224j, -0.222895-0.112351j
-0.236448-0.0799192j, -0.236303-0.0797886j, -0.236303-0.0797886j, -0.236448-0.0799192j, -0.236303-0.0797886j, -0.236131-0.0796351j, -0.236131-0.0796351j, -0.236303-0.0797886j, -0.236303-0.0797886j, -0.236131-0.0796351j, -0.236131-0.0796351j, -0.236303-0.0797886j, -0.236448-0.0799192j, -0.236303-0.0797886j, -0.236303-0.0797886j, -0.236448-0.0799192j
-0.245317-0.0459064j, -0.245153-0.0457747j, -0.245153-0.0457747j, -0.245317-0.0459064j, -0.245153-0.0457747j, -0.24496-0.0456208j, -0.24496-0.0456208j, -0.245153-0.0457747j, -0.245153-0.0457747j, -0.24496-0.0456208j, -0.24496-0.0456208j, -0.245153-0.0457747j, -0.245317-0.0459064j, -0.245153-0.0457747j, -0.245153-0.0457747j, -0.245317-0.0459064j
-0.249327-0.0109859j, -0.249145-0.0108553j, -0.249145-0.0108553j, -0.249327-0.0109859j, -0.249145-0.0108553j, -0.24893-0.010703j, -0.24893-0.010703j, -0.249145-0.0108553j, -0.249145-0.0108553j, -0.24893-0.010703j, -0.24893-0.010703j, -0.249145-0.0108553j, -0.249327-0.0109859j, -0.249145-0.0108553j, -0.249145-0.0108553j, -0.249327-0.0109859j
-0.248398+0.0241517j, -0.248198+0.024279j, -0.248198+0.024279j, -0.248398+0.0241517j, -0.248198+0.024279j, -0.247962+0.0244277j, -0.247962+0.0244277j, -0.248198+0.024279j, -0.248198+0.024279j, -0.247962+0.0244277j, -0.247962+0.0244277j, -0.248198+0.024279j, -0.248398+0.0241517j, -0.248198+0.024279j, -0.248198+0.024279j, -0.248398+0.0241517j
-0.24255+0.0588102j, -0.242333+0.0589314j, -0.242333+0.0589314j, -0.24255+0.0588102j, -0.242333+0.0589314j, -0.242076+0.059073j, -0.242076+0.059073j, -0.242333+0.0589314j, -0.242333+0.0589314j, -0.242076+0.059073j, -0.242076+0.059073j, -0.242333+0.0589314j, -0.24255+0.0588102j, -0.242333+0.0589314j, -0.242333+0.0589314j, -0.24255+0.0588102j
-0.231898+0.0923035j, -0.231664+0.0924153j, -0.231664+0.0924153j, -0.231898+0.0923035j, -0.231664+0.0924153j, -0.231389+0.0925457j, -0.231389+0.0925457j, -0.231664+0.0924153j, -0.231664+0.0924153j, -0.231389+0.0925457j, -0.231389+0.0925457j, -0.231664+0.0924153j, -0.231898+0.0923035j, -0.231664+0.0924153j, -0.231664+0.0924153j, -0.231898+0.0923035j
-0.216653+0.123969j, -0.216404+0.124069j, -0.216404+0.124069j, -0.216653+0.123969j, -0.216404+0.124069j, -0.216112+0.124185j, -0.216112+0.124185j, -0.216404+0.124069j, -0.216404+0.124069j, -0.216112+0.124185j, -0.216112+0.124185j, -0.216404+0.124069j, -0.216653+0.123969j, -0.216404+0.124069j, -0.216404+0.124069j, -0.216653+0.123969j
-0.197117+0.15318j, -0.196856+0.153265j, -0.196856+0.153265j, -0.197117+0.15318j, -0.196856+0.153265j, -0.196547+0.153364j, -0.196547+0.153364j, -0.196856+0.153265j, -0.196856+0.153265j, -0.196547+0.153364j, -0.196547+0.153364j, -0.196856+0.153265j, -0.197117+0.15318j, -0.196856+0.153265j, -0.196856+0.153265j, -0.197117+0.15318j
-0.173677+0.17936j, -0.173404+0.179427j, -0.173404+0.179427j, -0.173677+0.17936j, -0.173404+0.179427j, -0.173084+0.179505j, -0.173084+0.179505j, -0.173404+0.179427j, -0.173404+0.179427j, -0.173084+0.179505j, -0.173084+0.179505j, -0.173404+0.179427j, -0.173677+0.17936j, -0.173404+0.179427j, -0.173404+0.179427j, -0.173677+0.17936j
-0.146796+0.201989j, -0.146516+0.202036j, -0.146516+0.202036j, -0.146796+0.201989j, -0.146516+0.202036j, -0.146186+0.202091j, -0.146186+0.202091j, -0.146516+0.202036j, -0.146516+0.202036j, -0.146186+0.202091j, -0.146186+0.202091j, -0.146516+0.202036j, -0.146796+0.201989j, -0.146516+0.202036j, -0.146516+0.202036j, -0.146796+0.201989j
-0.117007+0.220621j, -0.116721+0.220646j, -0.116721+0.220646j, -0.117007+0.220621j, -0.116721+0.220646j, -0.116386+0.220674j, -0.116386+0.220674j, -0.116721+0.220646j, -0.116721+0.220646j, -0.116386+0.220674j, -0.116386+0.220674j, -0.116721+0.220646j, -0.117007+0.220621j, -0.116721+0.220646j, -0.116721+0.220646j, -0.117007+0.220621j
-0.0848993+0.234884j, -0.0846119+0.234885j, -0.0846119+0.234885j, -0.0848993+0.234884j, -0.0846119+0.234885j, -0.0842741+0.234885j, -0.0842741+0.234885j, -0.0846119+0.234885j, -0.0846119+0.234885j, -0.0842741+0.234885j, -0.0842741+0.234885j, -0.0846119+0.234885j, -0.0848993+0.234884j, -0.0846119+0.234885j, -0.0846119+0.234885j, -0.0848993+0.234884j
-0.0511084+0.244499j, -0.0508227+0.244474j, -0.0508227+0.244474j, -0.0511084+0.244499j, -0.0508227+0.244474j, -0.050487+0.244444j, -0.050487+0.244444j, -0.0508227+0.244474j, -0.0508227+0.244474j, -0.050487+0.244444j, -0.050487+0.244444j, -0.0508227+0.244474j, -0.0511084+0.244499j, -0.0508227+0.244474j, -0.0508227+0.244474j, -0.0511084+0.244499j
-0.0163031+0.249276j, -0.0160228+0.249224j, -0.0160228+0.249224j, -0.0163031+0.249276j, -0.0160228+0.249224j, -0.0156935+0.249163j, -0.0156935+0.249163j, -0.0160228+0.249224j, -0.0160228+0.249224j, -0.0156935+0.249163j, -0.0156935+0.249163j, -0.0160228+0.249224j, -0.0163031+0.249276j, -0.0160228+0.249224j, -0.0160228+0.249224j, -0.0163031+0.249276j
0.0188278+0.249119j, 0.0190989+0.24904j, 0.0190989+0.24904j, 0.0188278+0.249119j, 0.0190989+0.24904j, 0.0194174+0.248948j, 0.0194174+0.248948j, 0.0190989+0.24904j, 0.0190989+0.24904j, 0.0194174+0.248948j, 0.0194174+0.248948j, 0.0190989+0.24904j, 0.0188278+0.249119j, 0.0190989+0.24904j, 0.0190989+0.24904j, 0.0188278+0.249119j
0.053589+0.244032j, 0.0538471+0.243926j, 0.0538471+0.243926j, 0.053589+0.244032j, 0.0538471+0.243926j, 0.0541503+0.243802j, 0.0541503+0.243802j, 0.0538471+0.243926j, 0.0538471+0.243926j, 0.0541503+0.243802j, 0.0541503+0.243802j, 0.0538471+0.243926j, 0.053589+0.244032j, 0.0538471+0.243926j, 0.0538471+0.243926j, 0.053589+0.244032j
0.0872926+0.234115j, 0.0875339+0.233983j, 0.0875339+0.233983j, 0.0872926+0.234115j, 0.0875339+0.233983j, 0.0878174+0.233828j, 0.0878174+0.233828j, 0.0875339+0.233983j, 0.0875339+0.233983j, 0.0878174+0.233828j, 0.0878174+0.233828j, 0.0875339+0.233983j, 0.0872926+0.234115j, 0.0875339+0.233983j, 0.0875339+0.233983j, 0.0872926+0.234115j
0.119272+0.219565j, 0.119492+0.219408j, 0.119492+0.219408j, 0.119272+0.219565j, 0.119492+0.219408j, 0.119752+0.219223j, 0.119752+0.219223j, 0.119492+0.219408j, 0.119492+0.219408j, 0.119752+0.219223j, 0.119752+0.219223j, 0.119492+0.219408j, 0.119272+0.219565j, 0.119492+0.219408j, 0.119492+0.219408j, 0.119272+0.219565j
0.148893+0.200671j, 0.14909+0.20049j, 0.14909+0.20049j, 0.148893+0.200671j, 0.14909+0.20049j, 0.149322+0.200278j, 0.149322+0.200278j, 0.14909+0.20049j, 0.14909+0.20049j, 0.149322+0.200278j, 0.149322+0.200278j, 0.14909+0.20049j, 0.148893+0.200671j, 0.14909+0.20049j, 0.14909+0.20049j, 0.148893+0.200671j
0.175571+0.177805j, 0.175741+0.177603j, 0.175741+0.177603j, 0.175571+0.177805j, 0.175741+0.177603j, 0.175941+0.177367j, 0.175941+0.177367j, 0.175741+0.177603j, 0.175741+0.177603j, 0.175941+0.177367j, 0.175941+0.177367j, 0.175741+0.177603j, 0.175571+0.177805j, 0.175741+0.177603j, 0.175741+0.177603j, 0.175571+0.177805j
0.198777+0.151422j, 0.198917+0.151202j, 0.198917+0.151202j, 0.198777+0.151422j, 0.198917+0.151202j, 0.199083+0.150945j, 0.199083+0.150945j, 0.198917+0.151202j, 0.198918+0.151202j, 0.199083+0.150945j, 0.199083+0.150945j, 0.198917+0.151202j, 0.198777+0.151422j, 0.198917+0.151202j, 0.198918+0.151202j, 0.198777+0.151422j
0.218053+0.122042j, 0.218161+0.121808j, 0.218161+0.121808j, 0.218053+0.122042j, 0.218161+0.121808j, 0.218289+0.121534j, 0.218289+0.121534j, 0.218161+0.121808j, 0.218161+0.121808j, 0.218289+0.121534j, 0.218289+0.121534j, 0.218161+0.121808j, 0.218053+0.122042j, 0.218161+0.121808j, 0.218161+0.121808j, 0.218053+0.122042j
0.233017+0.0902476j, 0.233091+0.0900027j, 0.233091+0.0900027j, 0.233017+0.0902476j, 0.233091+0.0900027j, 0.233179+0.089716j, 0.233179+0.089716j, 0.233091+0.0900027j, 0.233091+0.0900027j, 0.233179+0.089716j, 0.233179+0.089716j, 0.233091+0.0900027j, 0.233017+0.0902476j, 0.233091+0.0900027j, 0.233091+0.0900027j, 0.233017+0.0902476j
0.243372+0.0566681j, 0.243412+0.0564171j, 0.243412+0.0564171j, 0.243372+0.0566681j, 0.243412+0.0564171j, 0.243459+0.0561232j, 0.243459+0.0561232j, 0.243412+0.0564171j, 0.243412+0.0564171j, 0.243459+0.0561232j, 0.243459+0.0561232j, 0.243412+0.0564171j, 0.243372+0.0566681j, 0.243412+0.0564171j, 0.243412+0.0564171j, 0.243372+0.0566681j
0.248915+0.0219684j, 0.248919+0.0217161j, 0.248919+0.0217161j, 0.248915+0.0219684j, 0.248919+0.0217161j, 0.248924+0.0214207j, 0.248924+0.0214207j, 0.248919+0.0217161j, 0.248919+0.0217161j, 0.248924+0.0214207j, 0.248924+0.0214207j, 0.248919+0.0217161j, 0.248915+0.0219684j, 0.248919+0.0217161j, 0.248919+0.0217161j, 0.248915+0.0219684j
0.249535-0.0131653j, 0.249504-0.0134139j, 0.249504-0.0134139j, 0.249535-0.0131653j, 0.249504-0.0134139j, 0.249468-0.013705j, 0.249468-0.013705j, 0.249504-0.0134139j, 0.249504-0.0134139j, 0.249468-0.013705j, 0.249468-0.013705j, 0.249504-0.0134139j, 0.249535-0.0131653j, 0.249504-0.0134139j, 0.249504-0.0134139j, 0.249535-0.0131653j
0.245221-0.0480378j, 0.245155-0.0482777j, 0.245155-0.0482777j, 0.245221-0.0480378j, 0.245155-0.0482777j, 0.245079-0.0485587j, 0.245079-0.0485587j, 0.245155-0.0482777j, 0.245155-0.0482777j, 0.245079-0.0485587j, 0.245079-0.0485587j, 0.245155-0.0482777j, 0.245221-0.0480378j, 0.245155-0.0482777j, 0.245155-0.0482777j, 0.245221-0.0480378j
0.236057-0.0819586j, 0.235959-0.0821847j, 0.235959-0.0821847j, 0.236057-0.0819586j, 0.235959-0.0821847j, 0.235844-0.0824495j, 0.235844-0.0824495j, 0.235959-0.0821847j, 0.235959-0.0821847j, 0.235844-0.0824495j, 0.235844-0.0824495j, 0.235959-0.0821847j, 0.236057-0.0819586j, 0.235959-0.0821847j, 0.235959-0.0821847j, 0.236057-0.0819586j
0.222226-0.114257j, 0.222097-0.114464j, 0.222097-0.114464j, 0.222226-0.114257j, 0.222097-0.114464j, 0.221947-0.114707j, 0.221947-0.114707j, 0.222097-0.114464j, 0.222097-0.114464j, 0.221947-0.114707j, 0.221947-0.114707j, 0.222097-0.114464j, 0.222226-0.114257j, 0.222097-0.114464j, 0.222097-0.114464j, 0.222226-0.114257j
0.204001-0.144293j, 0.203845-0.144476j, 0.203845-0.144476j, 0.204001-0.144293j, 0.203845-0.144476j, 0.203662-0.144691j, 0.203662-0.144691j, 0.203845-0.144476j, 0.203845-0.144476j, 0.203662-0.144691j, 0.203662-0.144691j, 0.203845-0.144476j, 0.204001-0.144293j, 0.203845-0.144476j, 0.203845-0.144476j, 0.204001-0.144293j
0.181743-0.171472j, 0.181563-0.171627j, 0.181563-0.171627j, 0.181743-0.171472j, 0.181563-0.171627j, 0.181352-0.171808j, 0.181352-0.171808j, 0.181563-0.171627j, 0.181563-0.171627j, 0.181352-0.171808j, 0.181352-0.171808j, 0.181563-0.171627j, 0.181743-0.171472j, 0.181563-0.171627j, 0.181563-0.171627j, 0.181743-0.171472j
0.155893-0.195257j, 0.155693-0.195379j, 0.155693-0.195379j, 0.155893-0.195257j, 0.155693-0.195379j, 0.15546-0.195522j, 0.15546-0.195522j, 0.155693-0.195379j, 0.155693-0.195379j, 0.15546-0.195522j, 0.15546-0.195522j, 0.155693-0.195379j, 0.155893-0.195257j, 0.155693-0.195379j, 0.155693-0.195379j, 0.155893-0.195257j
0.126962-0.215177j, 0.126748-0.215263j, 0.126748-0.215263j, 0.126962-0.215177j, 0.126748-0.215263j, 0.126497-0.215365j, 0.126497-0.215365j, 0.126748-0.215263j, 0.126748-0.215263j, 0.126497-0.215365j, 0.126497-0.215365j, 0.126748-0.215263j, 0.126962-0.215177j, 0.126748-0.215263j, 0.126748-0.215263j, 0.126962-0.215177j
0.0955232-0.230839j, 0.0952993-0.230886j, 0.0952993-0.230886j, 0.0955232-0.230839j, 0.0952993-0.230886j, 0.0950375-0.230941j, 0.0950375-0.230941j, 0.0952993-0.230886j, 0.0952992-0.230886j, 0.0950375-0.230941j, 0.0950375-0.230941j, 0.0952993-0.230886j, 0.0955232-0.230839j, 0.0952993-0.230886j, 0.0952992-0.230886j, 0.0955232-0.230839j
0.0621985-0.241931j, 0.0619709-0.241937j, 0.0619709-0.241937j, 0.0621985-0.241931j, 0.0619709-0.241937j, 0.0617047-0.241943j, 0.0617047-0.241943j, 0.0619709-0.241937j, 0.0619708-0.241937j, 0.0617047-0.241943j, 0.0617047-0.241943j, 0.0619709-0.241937j, 0.0621985-0.241931j, 0.0619709-0.241937j, 0.0619708-0.241937j, 0.0621985-0.241931j
0.0276475-0.248235j, 0.0274222-0.248197j, 0.0274222-0.248197j, 0.0276475-0.248235j, 0.0274222-0.248197j, 0.0271588-0.248153j, 0.0271588-0.248153j, 0.0274222-0.248197j, 0.0274222-0.248197j, 0.0271588-0.248153j, 0.0271588-0.248153j, 0.0274222-0.248197j, 0.0276475-0.248235j, 0.0274222-0.248197j, 0.0274222-0.248197j, 0.0276475-0.248235j
-0.00744588-0.249627j, -0.00766265-0.249545j, -0.00766265-0.249545j, -0.00744588-0.249627j, -0.00766265-0.249545j, -0.00791619-0.249449j, -0.00791619-0.249449j, -0.00766265-0.249545j, -0.0076627-0.249545j, -0.00791619-0.249449j, -0.00791619-0.249449j, -0.00766265-0.249545j, -0.00744588-0.249627j, -0.00766265-0.249545j, -0.0076627-0.249545j, -0.00744588-0.249627j
-0.0423871-0.246078j, -0.0425892-0.245952j, -0.0425892-0.245952j, -0.0423871-0.246078j, -0.0425892-0.245952j, -0.0428256-0.245804j, -0.0428256-0.245804j, -0.0425892-0.245952j, -0.0425892-0.245952j, -0.0428256-0.245804j, -0.0428256-0.245804j, -0.0425892-0.245952j, -0.0423871-0.246078j, -0.0425892-0.245952j, -0.0425892-0.245952j, -0.0423871-0.246078j
-0.0764847-0.237659j, -0.076666-0.23749j, -0.076666-0.23749j, -0.0764847-0.237659j, -0.076666-0.23749j, -0.0768781-0.237293j, -0.0768781-0.237293j, -0.076666-0.23749j, -0.0766661-0.23749j, -0.0768781-0.237293j, -0.0768781-0.237293j, -0.076666-0.23749j, -0.0764847-0.237659j, -0.076666-0.23749j, -0.0766661-0.23749j, -0.0764847-0.237659j
-0.109064-0.224538j, -0.109219-0.224328j, -0.109219-0.224328j, -0.109064-0.224538j, -0.109219-0.224328j, -0.109399-0.224082j, -0.109399-0.224082j, -0.109219-0.224328j, -0.109219-0.224328j, -0.109399-0.224082j, -0.109399-0.224082j, -0.109219-0.224328j, -0.109064-0.224538j, -0.109219-0.224328j, -0.109219-0.224328j, -0.109064-0.224538j
-0.13948-0.206972j, -0.139602-0.206724j, -0.139602-0.206724j, -0.13948-0.206972j, -0.139602-0.206724j, -0.139745-0.206434j, -0.139745-0.206434j, -0.139602-0.206724j, -0.139602-0.206724j, -0.139745-0.206434j, -0.139745-0.206434j, -0.139602-0.206724j, -0.13948-0.206972j, -0.139602-0.206724j, -0.139602-0.206724j, -0.13948-0.206972j
-0.167131-0.185311j, -0.167216-0.185028j, -0.167216-0.185028j, -0.167131-0.185311j, -0.167216-0.185028j, -0.167315-0.184697j, -0.167315-0.184697j, -0.167216-0.185028j, -0.167216-0.185028j, -0.167315-0.184697j, -0.167315-0.184697j, -0.167216-0.185028j, -0.167131-0.185311j, -0.167216-0.185028j, -0.167216-0.185028j, -0.167131-0.185311j
-0.19147-0.159983j, -0.191513-0.159671j, -0.191513-0.159671j, -0.19147-0.159983j, -0.191513-0.159671j, -0.191563-0.159305j, -0.191563-0.159305j, -0.191513-0.159671j, -0.191513-0.159671j, -0.191563-0.159305j, -0.191563-0.159305j, -0.191513-0.159671j, -0.19147-0.159983j, -0.191513-0.159671j, -0.191513-0.159671j, -0.19147-0.159983j
-0.212015-0.13149j, -0.212012-0.131153j, -0.212012-0.131153j, -0.212015-0.13149j, -0.212012-0.131153j, -0.212009-0.130758j, -0.212009-0.130758j, -0.212012-0.131153j, -0.212012-0.131153j, -0.212009-0.130758j, -0.212009-0.130758j, -0.212012-0.131153j, -0.212015-0.13149j, -0.212012-0.131153j, -0.212012-0.131153j, -0.212015-0.13149j
-0.22836-0.100395j, -0.228308-0.10004j, -0.228308-0.10004j, -0.22836-0.100395j, -0.228308-0.10004j, -0.228248-0.0996231j, -0.228248-0.0996231j, -0.228308-0.10004j, -0.228308-0.10004j, -0.228248-0.0996231j, -0.228248-0.0996231j, -0.228308-0.10004j, -0.22836-0.100395j, -0.228308-0.10004j, -0.228308-0.10004j, -0.22836-0.100395j
-0.240181-0.0673144j, -0.240079-0.0669467j, -0.240079-0.0669467j, -0.240181-0.0673144j, -0.240079-0.0669467j, -0.239958-0.0665158j, -0.239958-0.0665158j, -0.240079-0.0669467j, -0.240079-0.0669466j, -0.239958-0.0665158j, -0.239958-0.0665158j, -0.240079-0.0669467j, -0.240181-0.0673144j, -0.240079-0.0669467j, -0.240079-0.0669466j, -0.240181-0.0673144j
-0.247245-0.0329021j, -0.24709-0.0325293j, -0.24709-0.0325293j, -0.247245-0.0329021j, -0.24709-0.0325293j, -0.246909-0.0320923j, -0.246909-0.0320923j, -0.24709-0.0325293j, -0.24709-0.0325293j, -0.246909-0.0320923j, -0.246909-0.0320923j, -0.24709-0.0325293j, -0.247245-0.0329021j, -0.24709-0.0325293j, -0.24709-0.0325293j, -0.247245-0.0329021j
-0.249412+0.00216031j, -0.249205+0.00253097j, -0.249205+0.00253097j, -0.249412+0.00216031j, -0.249205+0.00253097j, -0.248961+0.00296558j, -0.248961+0.00296558j, -0.249205+0.00253097j, -0.249204+0.00253102j, -0.248961+0.00296558j, -0.248961+0.00296558j, -0.249205+0.00253097j, -0.249412+0.00216031j, -0.249205+0.00253097j, -0.249204+0.00253102j, -0.249412+0.00216031j
-0.246638+0.0371789j, -0.24638+0.03754j, -0.24638+0.03754j, -0.246638+0.0371789j, -0.24638+0.03754j, -0.246076+0.0379635j, -0.246076+0.0379635j, -0.24638+0.03754j, -0.24638+0.03754j, -0.246076+0.0379635j, -0.246076+0.0379635j, -0.24638+0.03754j, -0.246638+0.0371789j, -0.24638+0.03754j, -0.24638+0.03754j, -0.246638+0.0371789j
-0.23898+0.0714607j, -0.238672+0.0718047j, -0.238672+0.0718047j, -0.23898+0.0714607j, -0.238672+0.0718047j, -0.23831+0.0722082j, -0.23831+0.0722082j, -0.238672+0.0718047j, -0.238672+0.0718047j, -0.23831+0.0722082j, -0.23831+0.0722082j, -0.238672+0.0718047j, -0.23898+0.0714607j, -0.238672+0.0718047j, -0.238672+0.0718047j, -0.23898+0.0714607j
-0.226589+0.104327j, -0.226234+0.104647j, -0.226234+0.104647j, -0.226589+0.104327j, -0.226234+0.104647j, -0.225817+0.105022j, -0.225817+0.105022j, -0.226234+0.104647j, -0.226234+0.104647j, -0.225817+0.105022j, -0.225817+0.105022j, -0.226234+0.104647j, -0.226589+0.104327j, -0.226234+0.104647j, -0.226234+0.104647j, -0.226589+0.104327j
-0.20971+0.135129j, -0.209312+0.135417j, -0.209312+0.135417j, -0.20971+0.135129j, -0.209312+0.135417j, -0.208845+0.135755j, -0.208845+0.135755j, -0.209312+0.135417j, -0.209312+0.135417j, -0.208845+0.135755j, -0.208845+0.135755j, -0.209312+0.135417j, -0.20971+0.135129j, -0.209312+0.135417j, -0.209312+0.135417j, -0.20971+0.135129j
-0.188677+0.163255j, -0.188241+0.163505j, -0.188241+0.163505j, -0.188677+0.163255j, -0.188241+0.163505j, -0.18773+0.163799j, -0.18773+0.163799j, -0.188241+0.163505j, -0.188241+0.163505j, -0.18773+0.163799j, -0.18773+0.163799j, -0.188241+0.163505j, -0.188677+0.163255j, -0.188241+0.163505j, -0.188241+0.163505j, -0.188677+0.163255j
-0.163907+0.18815j, -0.163439+0.188356j, -0.163439+0.188356j, -0.163907+0.18815j, -0.163439+0.188356j, -0.16289+0.188598j, -0.16289+0.188598j, -0.163439+0.188356j, -0.163439+0.188356j, -0.16289+0.188598j, -0.16289+0.188598j, -0.163439+0.188356j, -0.163907+0.18815j, -0.163439+0.188356j, -0.163439+0.188356j, -0.163907+0.18815j
-0.13589+0.20932j, -0.135397+0.209476j, -0.135397+0.209476j, -0.13589+0.20932j, -0.135397+0.209476j, -0.134817+0.209661j, -0.134817+0.209661j, -0.135397+0.209476j, -0.135396+0.209476j, -0.134817+0.209661j, -0.134817+0.209661j, -0.135397+0.209476j, -0.13589+0.20932j, -0.135397+0.209476j, -0.135396+0.209476j, -0.13589+0.20932j
-0.105181+0.226347j, -0.104669+0.22645j, -0.104669+0.22645j, -0.105181+0.226347j, -0.104669+0.22645j, -0.104068+0.226571j, -0.104068+0.226571j, -0.104669+0.22645j, -0.104669+0.22645j, -0.104068+0.226571j, -0.104068+0.226571j, -0.104669+0.22645j, -0.105181+0.226347j, -0.104669+0.22645j, -0.104669+0.22645j, -0.105181+0.226347j
-0.0723867+0.238894j, -0.0718643+0.23894j, -0.0718643+0.23894j, -0.0723867+0.238894j, -0.0718643+0.23894j, -0.0712509+0.238994j, -0.0712509+0.238994j, -0.0718643+0.23894j, -0.0718643+0.23894j, -0.0712509+0.238994j, -0.0712509+0.238994j, -0.0718643+0.23894j, -0.0723867+0.238894j, -0.0718643+0.23894j, -0.0718643+0.23894j, -0.0723867+0.238894j
-0.0381571+0.246713j, -0.0376325+0.246699j, -0.0376325+0.246699j, -0.0381571+0.246713j, -0.0376325+0.246699j, -0.0370164+0.246684j, -0.0370164+0.246684j, -0.0376325+0.246699j, -0.0376324+0.246699j, -0.0370164+0.246684j, -0.0370164+0.246684j, -0.0376325+0.246699j, -0.0381571+0.246713j, -0.0376325+0.246699j, -0.0376324+0.246699j, -0.0381571+0.246713j
-0.00316939+0.24965j, -0.00265108+0.249575j, -0.00265108+0.249575j, -0.00316939+0.24965j, -0.00265108+0.249575j, -0.00204217+0.249488j, -0.00204217+0.249488j, -0.00265108+0.249575j, -0.00265103+0.249575j, -0.00204217+0.249488j, -0.00204217+0.249488j, -0.00265108+0.249575j, -0.00316939+0.24965j, -0.00265108+0.249575j, -0.00265103+0.249575j, -0.00316939+0.24965j
0.0318839+0.247645j, 0.0323874+0.247509j, 0.0323874+0.247509j, 0.0318839+0.247645j, 0.0323874+0.247509j, 0.032979+0.247351j, 0.032979+0.247351j, 0.0323874+0.247509j, 0.0323874+0.247509j, 0.032979+0.247351j, 0.032979+0.247351j, 0.0323874+0.247509j, 0.0318839+0.247645j, 0.0323874+0.247509j, 0.0323874+0.247509j, 0.0318839+0.247645j
0.0663091+0.240739j, 0.0667892+0.240544j, 0.0667892+0.240544j, 0.0663091+0.240739j, 0.0667892+0.240544j, 0.0673536+0.240315j, 0.0673536+0.240315j, 0.0667892+0.240544j, 0.0667893+0.240544j, 0.0673536+0.240315j, 0.0673536+0.240315j, 0.0667892+0.240544j, 0.0663091+0.240739j, 0.0667892+0.240544j, 0.0667893+0.240544j, 0.0663091+0.240739j
0.099425+0.22907j, 0.0998735+0.228817j, 0.0998735+0.228817j, 0.099425+0.22907j, 0.0998735+0.228817j, 0.100401+0.228522j, 0.100401+0.228522j, 0.0998735+0.228817j, 0.0998735+0.228817j, 0.100401+0.228522j, 0.100401+0.228522j, 0.0998735+0.228817j, 0.099425+0.22907j, 0.0998735+0.228817j, 0.0998735+0.228817j, 0.099425+0.22907j
0.130576+0.212867j, 0.130985+0.212561j, 0.130985+0.212561j, 0.130576+0.212867j, 0.130985+0.212561j, 0.131467+0.212202j, 0.131467+0.212202j, 0.130985+0.212561j, 0.130985+0.212561j, 0.131467+0.212202j, 0.131467+0.212202j, 0.130985+0.212561j, 0.130576+0.212867j, 0.130985+0.212561j, 0.130985+0.212561j, 0.130576+0.212867j
0.159146+0.192452j, 0.159509+0.192097j, 0.159509+0.192097j, 0.159146+0.192452j, 0.159509+0.192097j, 0.159935+0.191681j, 0.159935+0.191681j, 0.159509+0.192097j, 0.159509+0.192097j, 0.159935+0.191681j, 0.159935+0.191681j, 0.159509+0.192097j, 0.159146+0.192452j, 0.159509+0.192097j, 0.159509+0.192097j, 0.159146+0.192452j
0.18457+0.168229j, 0.184879+0.167831j, 0.184879+0.167831j, 0.18457+0.168229j, 0.184879+0.167831j, 0.185244+0.167365j, 0.185244+0.167365j, 0.184879+0.167831j, 0.184879+0.167831j, 0.185244+0.167365j, 0.185244+0.167365j, 0.184879+0.167831j, 0.18457+0.168229j, 0.184879+0.167831j, 0.184879+0.167831j, 0.18457+0.168229j
0.206344+0.140677j, 0.206594+0.140243j, 0.206594+0.140243j, 0.206344+0.140677j, 0.206594+0.140243j, 0.20689+0.139734j, 0.20689+0.139734j, 0.206594+0.140243j, 0.206594+0.140243j, 0.20689+0.139734j, 0.20689+0.139734j, 0.206594+0.140243j, 0.206344+0.140677j, 0.206594+0.140243j, 0.206594+0.140243j, 0.206344+0.140677j
0.224037+0.110341j, 0.224225+0.109879j, 0.224225+0.109879j, 0.224037+0.110341j, 0.224225+0.109879j, 0.224447+0.109338j, 0.224447+0.109338j, 0.224225+0.109879j, 0.224225+0.109879j, 0.224447+0.109338j, 0.224447+0.109338j, 0.224225+0.109879j, 0.224037+0.110341j, 0.224225+0.109879j, 0.224225+0.109879j, 0.224037+0.110341j
0.2373+0.0778233j, 0.237421+0.0773417j, 0.237421+0.0773417j, 0.2373+0.0778233j, 0.237421+0.0773417j, 0.237565+0.0767772j, 0.237565+0.0767772j, 0.237421+0.0773417j, 0.237421+0.0773416j, 0.237565+0.0767772j, 0.237565+0.0767772j, 0.237421+0.0773417j, 0.2373+0.0778233j, 0.237421+0.0773417j, 0.237421+0.0773416j, 0.2373+0.0778233j
0.24587+0.0437659j, 0.245923+0.0432739j, 0.245923+0.0432739j, 0.24587+0.0437659j, 0.245923+0.0432739j, 0.245986+0.0426972j, 0.245986+0.0426972j, 0.245923+0.0432739j, 0.245923+0.0432739j, 0.245986+0.0426972j, 0.245986+0.0426972j, 0.245923+0.0432739j, 0.24587+0.0437659j, 0.245923+0.0432739j, 0.245923+0.0432739j, 0.24587+0.0437659j
0.249578+0.00884312j, 0.249561+0.00835031j, 0.249561+0.00835031j, 0.249578+0.00884312j, 0.249561+0.00835031j, 0.249544+0.00777244j, 0.249544+0.00777244j, 0.249561+0.00835031j, 0.249561+0.00835031j, 0.249544+0.00777244j, 0.249544+0.00777244j, 0.249561+0.00835031j, 0.249578+0.00884312j, 0.249561+0.00835031j, 0.249561+0.00835031j, 0.249578+0.00884312j
0.248351-0.0262539j, 0.248265-0.0267377j, 0.248265-0.0267377j, 0.248351-0.0262539j, 0.248265-0.0267377j, 0.248167-0.0273053j, 0.248167-0.0273053j, 0.248265-0.0267377j, 0.248265-0.0267377j, 0.248167-0.0273053j, 0.248167-0.0273053j, 0.248265-0.0267377j, 0.248351-0.0262539j, 0.248265-0.0267377j, 0.248265-0.0267377j, 0.248351-0.0262539j
0.242212-0.0608303j, 0.242059-0.0612953j, 0.242059-0.0612953j, 0.242212-0.0608303j, 0.242059-0.0612953j, 0.241883-0.0618409j, 0.241883-0.0618409j, 0.242059-0.0612953j, 0.242059-0.0612952j, 0.241883-0.0618409j, 0.241883-0.0618409j, 0.242059-0.0612953j, 0.242212-0.0608303j, 0.242059-0.0612953j, 0.242059-0.0612952j, 0.242212-0.0608303j
0.231284-0.0942016j, 0.231068-0.0946381j, 0.231068-0.0946381j, 0.231284-0.0942016j, 0.231068-0.0946381j, 0.230816-0.0951505j, 0.230816-0.0951505j, 0.231068-0.0946381j, 0.231068-0.094638j, 0.230816-0.0951505j, 0.230816-0.0951505j, 0.231068-0.0946381j, 0.231284-0.0942016j, 0.231068-0.0946381j, 0.231068-0.094638j, 0.231284-0.0942016j
0.215783-0.125708j, 0.215508-0.126107j, 0.215508-0.126107j, 0.215783-0.125708j, 0.215508-0.126107j, 0.215187-0.126575j, 0.215187-0.126575j, 0.215508-0.126107j, 0.215508-0.126106j, 0.215187-0.126575j, 0.215187-0.126575j, 0.215508-0.126107j, 0.215783-0.125708j, 0.215508-0.126107j, 0.215508-0.126106j, 0.215783-0.125708j
0.196015-0.154726j, 0.195687-0.155078j, 0.195687-0.155078j, 0.196015-0.154726j, 0.195687-0.155078j, 0.195304-0.155492j, 0.195304-0.155492j, 0.195687-0.155078j, 0.195687-0.155078j, 0.195304-0.155492j, 0.195304-0.155492j, 0.195687-0.155078j, 0.196015-0.154726j, 0.195687-0.155078j, 0.195687-0.155078j, 0.196015-0.154726j
0.172373-0.180681j, 0.171999-0.180978j, 0.171999-0.180978j, 0.172373-0.180681j, 0.171999-0.180978j, 0.171562-0.181328j, 0.171562-0.181328j, 0.171999-0.180978j, 0.171999-0.180978j, 0.171562-0.181328j, 0.171562-0.181328j, 0.171999-0.180978j, 0.172373-0.180681j, 0.171999-0.180978j, 0.171999-0.180978j, 0.172373-0.180681j
0.145324-0.203059j, 0.144912-0.203295j, 0.144912-0.203295j, 0.145324-0.203059j, 0.144912-0.203295j, 0.144431-0.203573j, 0.144431-0.203573j, 0.144912-0.203295j, 0.144912-0.203295j, 0.144431-0.203573j, 0.144431-0.203573j, 0.144912-0.203295j, 0.145324-0.203059j, 0.144912-0.203295j, 0.144912-0.203295j, 0.145324-0.203059j
0.115403-0.221418j, 0.114963-0.221587j, 0.114963-0.221587j, 0.115403-0.221418j, 0.114963-0.221587j, 0.114448-0.221786j, 0.114448-0.221786j, 0.114963-0.221587j, 0.114963-0.221587j, 0.114448-0.221786j, 0.114448-0.221786j, 0.114963-0.221587j, 0.115403-0.221418j, 0.114963-0.221587j, 0.114963-0.221587j, 0.115403-0.221418j
0.0832029-0.235395j, 0.0827444-0.235491j, 0.0827444-0.235491j, 0.0832029-0.235395j, 0.0827444-0.235491j, 0.0822077-0.235605j, 0.0822077-0.235605j, 0.0827444-0.235491j, 0.0827444-0.235491j, 0.0822077-0.235605j, 0.0822077-0.235605j, 0.0827444-0.235491j, 0.0832029-0.235395j, 0.0827444-0.235491j, 0.0827444-0.235491j, 0.0832029-0.235395j
0.049361-0.244712j, 0.0488942-0.244733j, 0.0488942-0.244733j, 0.049361-0.244712j, 0.0488942-0.244733j, 0.0483477-0.244759j, 0.0483477-0.244759j, 0.0488942-0.244733j, 0.0488943-0.244733j, 0.0483477-0.244759j, 0.0483477-0.244759j, 0.0488942-0.244733j, 0.049361-0.244712j, 0.0488942-0.244733j, 0.0488943-0.244733j, 0.049361-0.244712j
0.014547-0.249187j, 0.0140828-0.24913j, 0.0140828-0.24913j, 0.014547-0.249187j, 0.0140828-0.24913j, 0.013539-0.249065j, 0.013539-0.249065j, 0.0140828-0.24913j, 0.0140828-0.24913j, 0.013539-0.249065j, 0.013539-0.249065j, 0.0140828-0.24913j, 0.014547-0.249187j, 0.0140828-0.24913j, 0.0140828-0.24913j, 0.014547-0.249187j
-0.0205502-0.24873j, -0.0210009-0.248595j, -0.0210009-0.248595j, -0.0205502-0.24873j, -0.0210009-0.248595j, -0.0215291-0.248438j, -0.0215291-0.248438j, -0.0210009-0.248595j, -0.0210009-0.248595j, -0.0215291-0.248438j, -0.0215291-0.248438j, -0.0210009-0.248595j, -0.0205502-0.24873j, -0.0210009-0.248595j, -0.0210009-0.248595j, -0.0205502-0.24873j
-0.055236-0.24335j, -0.0556622-0.243138j, -0.0556622-0.243138j, -0.055236-0.24335j, -0.0556622-0.243138j, -0.0561619-0.242892j, -0.0561619-0.242892j, -0.0556622-0.243138j, -0.0556622-0.243138j, -0.0561619-0.242892j, -0.0561619-0.242892j, -0.0556622-0.243138j, -0.055236-0.24335j, -0.0556622-0.243138j, -0.0556622-0.243138j, -0.055236-0.24335j
-0.0888238-0.233155j, -0.089215-0.232869j, -0.089215-0.232869j, -0.0888238-0.233155j, -0.089215-0.232869j, -0.0896738-0.232535j, -0.0896738-0.232535j, -0.089215-0.232869j, -0.0892149-0.232869j, -0.0896738-0.232535j, -0.0896738-0.232535j, -0.089215-0.232869j, -0.0888238-0.233155j, -0.089215-0.232869j, -0.0892149-0.232869j, -0.0888238-0.233155j
-0.120649-0.218345j, -0.120995-0.21799j, -0.120995-0.21799j, -0.120649-0.218345j, -0.120995-0.21799j, -0.121401-0.217574j, -0.121401-0.217574j, -0.120995-0.21799j, -0.120995-0.21799j, -0.121401-0.217574j, -0.121401-0.217574j, -0.120995-0.21799j, -0.120649-0.218345j, -0.120995-0.21799j, -0.120995-0.21799j, -0.120649-0.218345j
-0.150082-0.199215j, -0.150373-0.198795j, -0.150373-0.198795j, -0.150082-0.199215j, -0.150373-0.198795j, -0.150715-0.198305j, -0.150715-0.198305j, -0.150373-0.198795j, -0.150373-0.198795j, -0.150715-0.198305j, -0.150715-0.198305j, -0.150373-0.198795j, -0.150082-0.199215j, -0.150373-0.198795j, -0.150373-0.198795j, -0.150082-0.199215j
-0.17654-0.176143j, -0.176768-0.175666j, -0.176768-0.175666j, -0.17654-0.176143j, -0.176768-0.175666j, -0.177036-0.175109j, -0.177036-0.175109j, -0.176768-0.175666j, -0.176768-0.175666j, -0.177036-0.175109j, -0.177036-0.175109j, -0.176768-0.175666j, -0.17654-0.176143j, -0.176768-0.175666j, -0.176768-0.175666j, -0.17654-0.176143j
-0.1995-0.149585j, -0.199657-0.14906j, -0.199657-0.14906j, -0.1995-0.149585j, -0.199657-0.14906j, -0.199843-0.148446j, -0.199843-0.148446j, -0.199657-0.14906j, -0.199657-0.14906j, -0.199843-0.148446j, -0.199843-0.148446j, -0.199657-0.14906j, -0.1995-0.149585j, -0.199657-0.14906j, -0.199657-0.14906j, -0.1995-0.149585j
-0.218507-0.120068j, -0.218587-0.119504j, -0.218587-0.119504j, -0.218507-0.120068j, -0.218587-0.119504j, -0.218683-0.118844j, -0.218683-0.118844j, -0.218587-0.119504j, -0.218587-0.119504j, -0.218683-0.118844j, -0.218683-0.118844j, -0.218587-0.119504j, -0.218507-0.120068j, -0.218587-0.119504j, -0.218587-0.119504j, -0.218507-0.120068j
-0.233185-0.0881747j, -0.233184-0.0875827j, -0.233184-0.0875827j, -0.233185-0.0881747j, -0.233184-0.0875827j, -0.233185-0.0868891j, -0.233185-0.0868891j, -0.233184-0.0875827j, -0.233184-0.0875827j, -0.233185-0.0868891j, -0.233185-0.0868891j, -0.233184-0.0875827j, -0.233185-0.0881747j, -0.233184-0.0875827j, -0.233184-0.0875827j, -0.233185-0.0881747j
-0.243244-0.0545379j, -0.243159-0.0539288j, -0.243159-0.0539288j, -0.243244-0.0545379j, -0.243159-0.0539288j, -0.24306-0.0532149j, -0.24306-0.0532149j, -0.243159-0.0539288j, -0.243159-0.0539288j, -0.24306-0.0532149j, -0.24306-0.0532149j, -0.243159-0.0539288j, -0.243244-0.0545379j, -0.243159-0.0539288j, -0.243159-0.0539288j, -0.243244-0.0545379j
-0.248485-0.0198227j, -0.248314-0.0192084j, -0.248314-0.0192084j, -0.248485-0.0198227j, -0.248314-0.0192084j, -0.248114-0.0184881j, -0.248114-0.0184881j, -0.248314-0.0192084j, -0.248314-0.0192084j, -0.248114-0.0184881j, -0.248114-0.0184881j, -0.248314-0.0192084j, -0.248485-0.0198227j, -0.248314-0.0192084j, -0.248314-0.0192084j, -0.248485-0.0198227j
-0.248805+0.0152841j, -0.248548+0.0158914j, -0.248548+0.0158914j, -0.248805+0.0152841j, -0.248548+0.0158914j, -0.248247+0.0166039j, -0.248247+0.0166039j, -0.248548+0.0158914j, -0.248547+0.0158914j, -0.248247+0.0166039j, -0.248247+0.0166039j, -0.248548+0.0158914j, -0.248805+0.0152841j, -0.248548+0.0158914j, -0.248547+0.0158914j, -0.248805+0.0152841j
-0.244197+0.0500875j, -0.243855+0.0506758j, -0.243855+0.0506758j, -0.244197+0.0500875j, -0.243855+0.0506758j, -0.243455+0.0513661j, -0.243455+0.0513661j, -0.243855+0.0506758j, -0.243855+0.0506757j, -0.243455+0.0513661j, -0.243455+0.0513661j, -0.243855+0.0506758j, -0.244197+0.0500875j, -0.243855+0.0506758j, -0.243855+0.0506757j, -0.244197+0.0500875j
-0.234752+0.0838987j, -0.23433+0.0844558j, -0.23433+0.0844558j, -0.234752+0.0838987j, -0.23433+0.0844558j, -0.233835+0.0851099j, -0.233835+0.0851099j, -0.23433+0.0844558j, -0.23433+0.0844558j, -0.233835+0.0851099j, -0.233835+0.0851099j, -0.23433+0.0844558j, -0.234752+0.0838987j, -0.23433+0.0844558j, -0.23433+0.0844558j, -0.234752+0.0838987j
-0.220658+0.116048j, -0.22016+0.116563j, -0.22016+0.116563j, -0.220658+0.116048j, -0.22016+0.116563j, -0.219577+0.117167j, -0.219577+0.117167j, -0.22016+0.116563j, -0.22016+0.116563j, -0.219577+0.117167j, -0.219577+0.117167j, -0.22016+0.116563j, -0.220658+0.116048j, -0.22016+0.116563j, -0.22016+0.116563j, -0.220658+0.116048j
-0.202193+0.145901j, -0.201627+0.146361j, -0.201627+0.146361j, -0.202193+0.145901j, -0.201627+0.146361j, -0.200963+0.146903j, -0.200963+0.146903j, -0.201627+0.146361j, -0.201627+0.146361j, -0.200963+0.146903j, -0.200963+0.146903j, -0.201627+0.146361j, -0.202193+0.145901j, -0.201627+0.146361j, -0.201627+0.146361j, -0.202193+0.145901j
-0.179724+0.172865j, -0.179097+0.173262j, -0.179097+0.173262j, -0.179724+0.172865j, -0.179097+0.173262j, -0.178362+0.173728j, -0.178362+0.173728j, -0.179097+0.173262j, -0.179097+0.173261j, -0.178362+0.173728j, -0.178362+0.173728j, -0.179097+0.173262j, -0.179724+0.172865j, -0.179097+0.173262j, -0.179097+0.173261j, -0.179724+0.172865j
-0.153695+0.196407j, -0.153017+0.196731j, -0.153017+0.196731j, -0.153695+0.196407j, -0.153017+0.196731j, -0.152222+0.197113j, -0.152222+0.197113j, -0.153017+0.196731j, -0.153017+0.196731j, -0.152222+0.197113j, -0.152222+0.197113j, -0.153017+0.196731j, -0.153695+0.196407j, -0.153017+0.196731j, -0.153017+0.196731j, -0.153695+0.196407j
-0.12462+0.216062j, -0.123902+0.216305j, -0.123902+0.216305j, -0.12462+0.216062j, -0.123902+0.216305j, -0.12306+0.216593j, -0.12306+0.216593j, -0.123902+0.216305j, -0.123902+0.216305j, -0.12306+0.216593j, -0.12306+0.216593j, -0.123902+0.216305j, -0.12462+0.216062j, -0.123902+0.216305j, -0.123902+0.216305j, -0.12462+0.216062j
